00000000000000000000000000000000
10001100000100000000000000010111
10001100000100010000000000010101
10001100000100100000000000010010
10001100000100110000000000010100
10001110011101000000000000000000
10001010000100011010100000100010
10001100000000010000000000010011
10101010101000010000100000101010
00010100001000000000000000010011
10001100000100100000000000000110
00000010011100110000000010000000
00001000000000000000000000010000
00000010010100100000000110000000
10001100000000010000000000010111
10101110100000010000000000000000
