10001100000100000000000000010111
10001100000100010000000000010101
10001100000100100000000000010011
10001100000100110000000000010101
10001110011010000000000000000000
10001100000101000000000000100000
10001100000101010000000000100001
10001100000101100000000000100010
10001100000101110000000000100011
10001100000011000000000000010011
10001010000100010100100000100010
10101001100010010101000000101010
00010100000010100000000000000101
10001100000010110000000000010100
10000001011100101001000000100000
10001010010010111001100000100010
10010110100101011011000000100101
00001000000000000000000000010110
00000000000011001001100000000000
10001100000011010000000000010111
10101101000011010000000000000000
10010010100101011011000000100100
10000010000100011000000000100000
10011010100101010111100000100110
10010010111011111011000000100100
10101100000100000000000001000000
10101100000100010000000001000001
10101100000100100000000001000010
10101100000100110000000001000011
10101100000101000000000001000100
10101100000101010000000001000101
10101100000101100000000001000110
10101100000101110000000001000111
10001101000010000000000000000000
10101100000010000000000001001000
00000000000000000000000000000000
10001100000100000000000000011000
10001100000100010000000000010011
10001100000100100000000000010011
10001100000100110000000000010101
10001110011010000000000000000000
10001100000101000000000000100000
10001100000101010000000000100001
10001100000101100000000000100010
10001100000101110000000000100011
10001100000011000000000000010011
10001010000100010100100000100010
10101001100010010101000000101010
00010100000010100000000000000101
10001100000010110000000000010100
10000001011100101001000000100000
10001010010010111001100000100010
10010110100101011011000000100101
00001000000000000000000000010110
00000000000011001001100000000000
10001100000011010000000000010111
10101101000011010000000000000000
10010010100101011011000000100100
10000010000100011000000000100000
10011010100101010111100000100110
10010010111011111011000000100100
10101100000100000000000001000000
10101100000100010000000001000001
10101100000100100000000001000010
10101100000100110000000001000011
10101100000101000000000001000100
10101100000101010000000001000101
10101100000101100000000001000110
10101100000101110000000001000111
10001101000010000000000000000000
10101100000010000000000001001000